ap30: 0.8924360474524867
ap_50: 0.8409498444926891
ap_70: 0.6163615542281907